111110100
110000100
111100011
000001001
010000100
101100000
101100010
101100100
111110000
110000100
111100011
000001001
100101000
101100010
010001010
111110011
110001100
111100011
000011011
111100111
111001100
111100001
011001100
111100100
100111100
100001100
111100001
111000100
010001100
111100000
110001100
100110000
010101000
111100010
011010000
111100101
100111100
100011100
101101010
101101000
101101100
111100001
111001100
111100100
110011100
111100011
011011100
100011000
101111000
111100100
100111100
100001100
101101010
101100010
111100000
110001100
111110011
110011100
111100011
000111111
111100111
111011100
111100001
011011100
111101010
100111100
100001100
100110000
010111000
111100010
011010000
111100011
100111100
100011100
101101100
111100001
111001100
111100100
110011100
111100011
011011100
100011000
111100001
111000100
111110100
110011100
111100011
000111111
111100001
011011100
100010100
101110000
101110010
101110100
