111100011
100101100
111100000
110000100
010000100
111100001
111000100
010000110
111100100
001100010
111100100
000101011
110110100
011110100
111100100
000101101
111100000
110011000
110111001
111100100
000101011
111100111
001100010
111100011
000100100
110110100
111100100
000100010
111100101
001100100
110110100
011110100
111100011
000101101
110111001
111100001
001101011
111100101
000101101
111100001
000100010
111100110
001100100
111100011
000100100
110110100
111100010
001100010
111100110
000100100
111100101
001100100
110110100
111100111
000100010
111100111
001100100
110110100
011110100
111100010
000101101
110111001
111100010
001101011
111100110
000101101
111100111
000100011
111100010
001100100
110110100
111100110
001100010
111100111
000100100
111100011
001100100
110110100
111100011
001100010
111100110
000100100
111100100
001100100
110110100
111100110
000100010
111100110
001100100
110110100
011110100
111100001
000101101
110111001
111100000
000100010
011110000
111100000
000101011
011110100
111100111
000101101
110110110
011110100
111100001
000101101
110110100
011110100
110111001
111100101
000101011
111100100
001100010
111100001
000100100
110110100
111100100
001100110
110110100
111111110
111000100
010011010
111100001
001100010
111100101
000100100
111100100
000101110
111100111
001101101
111100100
000101101
110110001
111100111
000101010
111100100
001101101
110110001
111100101
000101110
111100101
001101101
110110001
111100001
111000110
010011000
111111100
111000110
111100000
000010001
111111110
111001010
100010100
111111111
