100101000
111100010
110000100
111100101
000001001
010000100
111100001
111000100
010000110
111100101
000110010
111100110
001110110
111100011
000100010
111100111
001100100
111100010
000100100
110111000
111100111
000100011
111100100
001100100
110111000
111100100
000100010
111100111
001100100
111100101
001101010
111100001
000101101
110110001
111100001
001101011
111100100
000101101
110110001
111100101
001101011
111100000
000011101
111100000
000010100
111100100
001100010
111100100
000101011
110110100
011110100
111100011
001101101
111100000
110011100
110111101
111100100
000100011
111100111
001101010
111100011
000101101
110110001
111100100
001101010
111100101
000101101
110110001
011110000
111100010
001100100
110111100
111100010
001100011
111100101
000100100
111100001
000101010
111100110
001101101
111100011
000101101
110110001
111100100
000101010
111100110
001101101
111100001
000101101
110110001
111100111
000101010
111100111
001101101
110110001
011110000
111100001
001100100
110111100
111100010
001100011
111100110
000100100
111100111
000101011
111100010
001101101
110110001
111100001
000101010
111100111
001101101
111100100
000101101
110110001
111100011
000101010
111100110
001101101
111100010
000101101
110110001
111100110
000101010
111100110
001101101
110110001
011110000
110111100
111100111
011011000
1010110100
1010110101
111100100
011001100
111100101
011001000
111111101
111000100
010010100
111100001
111000100
010010110
111111101
111000110
111100001
110001000
111100110
000010010
111111110
111001000
111100001
011001000
100010100
